python sleep_interval_generator.py 
Sleep time: 9, Active time: 1 => Group1.activeTimes = 0, 1, 10, 11, 20, 21, 30, 31, 40, 41, 50, 51, 60, 61, 70, 71, 80, 81, 90, 91, 100, 101, 110, 111, 120, 121, 130, 131, 140, 141, 150, 151, 160, 161, 170, 171, 180, 181, 190, 191, 200, 201, 210, 211, 220, 221, 230, 231, 240, 241, 250, 251, 260, 261, 270, 271, 280, 281, 290, 291, 300, 301, 310, 311, 320, 321, 330, 331, 340, 341, 350, 351, 360, 361, 370, 371, 380, 381, 390, 391, 400, 401, 410, 411, 420, 421, 430, 431, 440, 441, 450, 451, 460, 461, 470, 471, 480, 481, 490, 491, 500, 501, 510, 511, 520, 521, 530, 531, 540, 541, 550, 551, 560, 561, 570, 571, 580, 581, 590, 591, 600, 601, 610, 611, 620, 621, 630, 631, 640, 641, 650, 651, 660, 661, 670, 671, 680, 681, 690, 691, 700, 701, 710, 711, 720, 721, 730, 731, 740, 741, 750, 751, 760, 761, 770, 771, 780, 781, 790, 791, 800, 801, 810, 811, 820, 821, 830, 831, 840, 841, 850, 851, 860, 861, 870, 871, 880, 881, 890, 891, 900, 901, 910, 911, 920, 921, 930, 931, 940, 941, 950, 951, 960, 961, 970, 971, 980, 981, 990, 991, 1000, 1001, 1010, 1011, 1020, 1021, 1030, 1031, 1040, 1041, 1050, 1051, 1060, 1061, 1070, 1071, 1080, 1081, 1090, 1091, 1100, 1101, 1110, 1111, 1120, 1121, 1130, 1131, 1140, 1141, 1150, 1151, 1160, 1161, 1170, 1171, 1180, 1181, 1190, 1191, 1200, 1201, 1210, 1211, 1220, 1221, 1230, 1231, 1240, 1241, 1250, 1251, 1260, 1261, 1270, 1271, 1280, 1281, 1290, 1291, 1300, 1301, 1310, 1311, 1320, 1321, 1330, 1331, 1340, 1341, 1350, 1351, 1360, 1361, 1370, 1371, 1380, 1381, 1390, 1391, 1400, 1401, 1410, 1411, 1420, 1421, 1430, 1431, 1440, 1441, 1450, 1451, 1460, 1461, 1470, 1471, 1480, 1481, 1490, 1491, 1500, 1501, 1510, 1511, 1520, 1521, 1530, 1531, 1540, 1541, 1550, 1551, 1560, 1561, 1570, 1571, 1580, 1581, 1590, 1591, 1600, 1601, 1610, 1611, 1620, 1621, 1630, 1631, 1640, 1641, 1650, 1651, 1660, 1661, 1670, 1671, 1680, 1681, 1690, 1691, 1700, 1701, 1710, 1711, 1720, 1721, 1730, 1731, 1740, 1741, 1750, 1751, 1760, 1761, 1770, 1771, 1780, 1781, 1790, 1791, 1800, 1801, 1810, 1811, 1820, 1821, 1830, 1831, 1840, 1841, 1850, 1851, 1860, 1861, 1870, 1871, 1880, 1881, 1890, 1891, 1900, 1901, 1910, 1911, 1920, 1921, 1930, 1931, 1940, 1941, 1950, 1951, 1960, 1961, 1970, 1971, 1980, 1981, 1990, 1991



Sleep time: 10, Active time: 2 => Group1.activeTimes = 0, 2, 12, 14, 24, 26, 36, 38, 48, 50, 60, 62, 72, 74, 84, 86, 96, 98, 108, 110, 120, 122, 132, 134, 144, 146, 156, 158, 168, 170, 180, 182, 192, 194, 204, 206, 216, 218, 228, 230, 240, 242, 252, 254, 264, 266, 276, 278, 288, 290, 300, 302, 312, 314, 324, 326, 336, 338, 348, 350, 360, 362, 372, 374, 384, 386, 396, 398, 408, 410, 420, 422, 432, 434, 444, 446, 456, 458, 468, 470, 480, 482, 492, 494, 504, 506, 516, 518, 528, 530, 540, 542, 552, 554, 564, 566, 576, 578, 588, 590, 600, 602, 612, 614, 624, 626, 636, 638, 648, 650, 660, 662, 672, 674, 684, 686, 696, 698, 708, 710, 720, 722, 732, 734, 744, 746, 756, 758, 768, 770, 780, 782, 792, 794, 804, 806, 816, 818, 828, 830, 840, 842, 852, 854, 864, 866, 876, 878, 888, 890, 900, 902, 912, 914, 924, 926, 936, 938, 948, 950, 960, 962, 972, 974, 984, 986, 996, 998, 1008, 1010, 1020, 1022, 1032, 1034, 1044, 1046, 1056, 1058, 1068, 1070, 1080, 1082, 1092, 1094, 1104, 1106, 1116, 1118, 1128, 1130, 1140, 1142, 1152, 1154, 1164, 1166, 1176, 1178, 1188, 1190, 1200, 1202, 1212, 1214, 1224, 1226, 1236, 1238, 1248, 1250, 1260, 1262, 1272, 1274, 1284, 1286, 1296, 1298, 1308, 1310, 1320, 1322, 1332, 1334, 1344, 1346, 1356, 1358, 1368, 1370, 1380, 1382, 1392, 1394, 1404, 1406, 1416, 1418, 1428, 1430, 1440, 1442, 1452, 1454, 1464, 1466, 1476, 1478, 1488, 1490, 1500, 1502, 1512, 1514, 1524, 1526, 1536, 1538, 1548, 1550, 1560, 1562, 1572, 1574, 1584, 1586, 1596, 1598, 1608, 1610, 1620, 1622, 1632, 1634, 1644, 1646, 1656, 1658, 1668, 1670, 1680, 1682, 1692, 1694, 1704, 1706, 1716, 1718, 1728, 1730, 1740, 1742, 1752, 1754, 1764, 1766, 1776, 1778, 1788, 1790, 1800, 1802, 1812, 1814, 1824, 1826, 1836, 1838, 1848, 1850, 1860, 1862, 1872, 1874, 1884, 1886, 1896, 1898, 1908, 1910, 1920, 1922, 1932, 1934, 1944, 1946, 1956, 1958, 1968, 1970, 1980, 1982



Sleep time: 15, Active time: 5 => Group1.activeTimes = 0, 5, 20, 25, 40, 45, 60, 65, 80, 85, 100, 105, 120, 125, 140, 145, 160, 165, 180, 185, 200, 205, 220, 225, 240, 245, 260, 265, 280, 285, 300, 305, 320, 325, 340, 345, 360, 365, 380, 385, 400, 405, 420, 425, 440, 445, 460, 465, 480, 485, 500, 505, 520, 525, 540, 545, 560, 565, 580, 585, 600, 605, 620, 625, 640, 645, 660, 665, 680, 685, 700, 705, 720, 725, 740, 745, 760, 765, 780, 785, 800, 805, 820, 825, 840, 845, 860, 865, 880, 885, 900, 905, 920, 925, 940, 945, 960, 965, 980, 985, 1000, 1005, 1020, 1025, 1040, 1045, 1060, 1065, 1080, 1085, 1100, 1105, 1120, 1125, 1140, 1145, 1160, 1165, 1180, 1185, 1200, 1205, 1220, 1225, 1240, 1245, 1260, 1265, 1280, 1285, 1300, 1305, 1320, 1325, 1340, 1345, 1360, 1365, 1380, 1385, 1400, 1405, 1420, 1425, 1440, 1445, 1460, 1465, 1480, 1485, 1500, 1505, 1520, 1525, 1540, 1545, 1560, 1565, 1580, 1585, 1600, 1605, 1620, 1625, 1640, 1645, 1660, 1665, 1680, 1685, 1700, 1705, 1720, 1725, 1740, 1745, 1760, 1765, 1780, 1785, 1800, 1805, 1820, 1825, 1840, 1845, 1860, 1865, 1880, 1885, 1900, 1905, 1920, 1925, 1940, 1945, 1960, 1965, 1980, 1985



Sleep time: 30, Active time: 10 => Group1.activeTimes = 0, 10, 40, 50, 80, 90, 120, 130, 160, 170, 200, 210, 240, 250, 280, 290, 320, 330, 360, 370, 400, 410, 440, 450, 480, 490, 520, 530, 560, 570, 600, 610, 640, 650, 680, 690, 720, 730, 760, 770, 800, 810, 840, 850, 880, 890, 920, 930, 960, 970, 1000, 1010, 1040, 1050, 1080, 1090, 1120, 1130, 1160, 1170, 1200, 1210, 1240, 1250, 1280, 1290, 1320, 1330, 1360, 1370, 1400, 1410, 1440, 1450, 1480, 1490, 1520, 1530, 1560, 1570, 1600, 1610, 1640, 1650, 1680, 1690, 1720, 1730, 1760, 1770, 1800, 1810, 1840, 1850, 1880, 1890, 1920, 1930, 1960, 1970



Sleep time: 5, Active time: 2 => Group1.activeTimes = 0, 2, 7, 9, 14, 16, 21, 23, 28, 30, 35, 37, 42, 44, 49, 51, 56, 58, 63, 65, 70, 72, 77, 79, 84, 86, 91, 93, 98, 100, 105, 107, 112, 114, 119, 121, 126, 128, 133, 135, 140, 142, 147, 149, 154, 156, 161, 163, 168, 170, 175, 177, 182, 184, 189, 191, 196, 198, 203, 205, 210, 212, 217, 219, 224, 226, 231, 233, 238, 240, 245, 247, 252, 254, 259, 261, 266, 268, 273, 275, 280, 282, 287, 289, 294, 296, 301, 303, 308, 310, 315, 317, 322, 324, 329, 331, 336, 338, 343, 345, 350, 352, 357, 359, 364, 366, 371, 373, 378, 380, 385, 387, 392, 394, 399, 401, 406, 408, 413, 415, 420, 422, 427, 429, 434, 436, 441, 443, 448, 450, 455, 457, 462, 464, 469, 471, 476, 478, 483, 485, 490, 492, 497, 499, 504, 506, 511, 513, 518, 520, 525, 527, 532, 534, 539, 541, 546, 548, 553, 555, 560, 562, 567, 569, 574, 576, 581, 583, 588, 590, 595, 597, 602, 604, 609, 611, 616, 618, 623, 625, 630, 632, 637, 639, 644, 646, 651, 653, 658, 660, 665, 667, 672, 674, 679, 681, 686, 688, 693, 695, 700, 702, 707, 709, 714, 716, 721, 723, 728, 730, 735, 737, 742, 744, 749, 751, 756, 758, 763, 765, 770, 772, 777, 779, 784, 786, 791, 793, 798, 800, 805, 807, 812, 814, 819, 821, 826, 828, 833, 835, 840, 842, 847, 849, 854, 856, 861, 863, 868, 870, 875, 877, 882, 884, 889, 891, 896, 898, 903, 905, 910, 912, 917, 919, 924, 926, 931, 933, 938, 940, 945, 947, 952, 954, 959, 961, 966, 968, 973, 975, 980, 982, 987, 989, 994, 996, 1001, 1003, 1008, 1010, 1015, 1017, 1022, 1024, 1029, 1031, 1036, 1038, 1043, 1045, 1050, 1052, 1057, 1059, 1064, 1066, 1071, 1073, 1078, 1080, 1085, 1087, 1092, 1094, 1099, 1101, 1106, 1108, 1113, 1115, 1120, 1122, 1127, 1129, 1134, 1136, 1141, 1143, 1148, 1150, 1155, 1157, 1162, 1164, 1169, 1171, 1176, 1178, 1183, 1185, 1190, 1192, 1197, 1199, 1204, 1206, 1211, 1213, 1218, 1220, 1225, 1227, 1232, 1234, 1239, 1241, 1246, 1248, 1253, 1255, 1260, 1262, 1267, 1269, 1274, 1276, 1281, 1283, 1288, 1290, 1295, 1297, 1302, 1304, 1309, 1311, 1316, 1318, 1323, 1325, 1330, 1332, 1337, 1339, 1344, 1346, 1351, 1353, 1358, 1360, 1365, 1367, 1372, 1374, 1379, 1381, 1386, 1388, 1393, 1395, 1400, 1402, 1407, 1409, 1414, 1416, 1421, 1423, 1428, 1430, 1435, 1437, 1442, 1444, 1449, 1451, 1456, 1458, 1463, 1465, 1470, 1472, 1477, 1479, 1484, 1486, 1491, 1493, 1498, 1500, 1505, 1507, 1512, 1514, 1519, 1521, 1526, 1528, 1533, 1535, 1540, 1542, 1547, 1549, 1554, 1556, 1561, 1563, 1568, 1570, 1575, 1577, 1582, 1584, 1589, 1591, 1596, 1598, 1603, 1605, 1610, 1612, 1617, 1619, 1624, 1626, 1631, 1633, 1638, 1640, 1645, 1647, 1652, 1654, 1659, 1661, 1666, 1668, 1673, 1675, 1680, 1682, 1687, 1689, 1694, 1696, 1701, 1703, 1708, 1710, 1715, 1717, 1722, 1724, 1729, 1731, 1736, 1738, 1743, 1745, 1750, 1752, 1757, 1759, 1764, 1766, 1771, 1773, 1778, 1780, 1785, 1787, 1792, 1794, 1799, 1801, 1806, 1808, 1813, 1815, 1820, 1822, 1827, 1829, 1834, 1836, 1841, 1843, 1848, 1850, 1855, 1857, 1862, 1864, 1869, 1871, 1876, 1878, 1883, 1885, 1890, 1892, 1897, 1899, 1904, 1906, 1911, 1913, 1918, 1920, 1925, 1927, 1932, 1934, 1939, 1941, 1946, 1948, 1953, 1955, 1960, 1962, 1967, 1969, 1974, 1976, 1981, 1983, 1988, 1990



Sleep time: 10, Active time: 5 => Group1.activeTimes = 0, 5, 15, 20, 30, 35, 45, 50, 60, 65, 75, 80, 90, 95, 105, 110, 120, 125, 135, 140, 150, 155, 165, 170, 180, 185, 195, 200, 210, 215, 225, 230, 240, 245, 255, 260, 270, 275, 285, 290, 300, 305, 315, 320, 330, 335, 345, 350, 360, 365, 375, 380, 390, 395, 405, 410, 420, 425, 435, 440, 450, 455, 465, 470, 480, 485, 495, 500, 510, 515, 525, 530, 540, 545, 555, 560, 570, 575, 585, 590, 600, 605, 615, 620, 630, 635, 645, 650, 660, 665, 675, 680, 690, 695, 705, 710, 720, 725, 735, 740, 750, 755, 765, 770, 780, 785, 795, 800, 810, 815, 825, 830, 840, 845, 855, 860, 870, 875, 885, 890, 900, 905, 915, 920, 930, 935, 945, 950, 960, 965, 975, 980, 990, 995, 1005, 1010, 1020, 1025, 1035, 1040, 1050, 1055, 1065, 1070, 1080, 1085, 1095, 1100, 1110, 1115, 1125, 1130, 1140, 1145, 1155, 1160, 1170, 1175, 1185, 1190, 1200, 1205, 1215, 1220, 1230, 1235, 1245, 1250, 1260, 1265, 1275, 1280, 1290, 1295, 1305, 1310, 1320, 1325, 1335, 1340, 1350, 1355, 1365, 1370, 1380, 1385, 1395, 1400, 1410, 1415, 1425, 1430, 1440, 1445, 1455, 1460, 1470, 1475, 1485, 1490, 1500, 1505, 1515, 1520, 1530, 1535, 1545, 1550, 1560, 1565, 1575, 1580, 1590, 1595, 1605, 1610, 1620, 1625, 1635, 1640, 1650, 1655, 1665, 1670, 1680, 1685, 1695, 1700, 1710, 1715, 1725, 1730, 1740, 1745, 1755, 1760, 1770, 1775, 1785, 1790, 1800, 1805, 1815, 1820, 1830, 1835, 1845, 1850, 1860, 1865, 1875, 1880, 1890, 1895, 1905, 1910, 1920, 1925, 1935, 1940, 1950, 1955, 1965, 1970, 1980, 1985



Sleep time: 5, Active time: 5 => Group1.activeTimes = 0, 5, 10, 15, 20, 25, 30, 35, 40, 45, 50, 55, 60, 65, 70, 75, 80, 85, 90, 95, 100, 105, 110, 115, 120, 125, 130, 135, 140, 145, 150, 155, 160, 165, 170, 175, 180, 185, 190, 195, 200, 205, 210, 215, 220, 225, 230, 235, 240, 245, 250, 255, 260, 265, 270, 275, 280, 285, 290, 295, 300, 305, 310, 315, 320, 325, 330, 335, 340, 345, 350, 355, 360, 365, 370, 375, 380, 385, 390, 395, 400, 405, 410, 415, 420, 425, 430, 435, 440, 445, 450, 455, 460, 465, 470, 475, 480, 485, 490, 495, 500, 505, 510, 515, 520, 525, 530, 535, 540, 545, 550, 555, 560, 565, 570, 575, 580, 585, 590, 595, 600, 605, 610, 615, 620, 625, 630, 635, 640, 645, 650, 655, 660, 665, 670, 675, 680, 685, 690, 695, 700, 705, 710, 715, 720, 725, 730, 735, 740, 745, 750, 755, 760, 765, 770, 775, 780, 785, 790, 795, 800, 805, 810, 815, 820, 825, 830, 835, 840, 845, 850, 855, 860, 865, 870, 875, 880, 885, 890, 895, 900, 905, 910, 915, 920, 925, 930, 935, 940, 945, 950, 955, 960, 965, 970, 975, 980, 985, 990, 995, 1000, 1005, 1010, 1015, 1020, 1025, 1030, 1035, 1040, 1045, 1050, 1055, 1060, 1065, 1070, 1075, 1080, 1085, 1090, 1095, 1100, 1105, 1110, 1115, 1120, 1125, 1130, 1135, 1140, 1145, 1150, 1155, 1160, 1165, 1170, 1175, 1180, 1185, 1190, 1195, 1200, 1205, 1210, 1215, 1220, 1225, 1230, 1235, 1240, 1245, 1250, 1255, 1260, 1265, 1270, 1275, 1280, 1285, 1290, 1295, 1300, 1305, 1310, 1315, 1320, 1325, 1330, 1335, 1340, 1345, 1350, 1355, 1360, 1365, 1370, 1375, 1380, 1385, 1390, 1395, 1400, 1405, 1410, 1415, 1420, 1425, 1430, 1435, 1440, 1445, 1450, 1455, 1460, 1465, 1470, 1475, 1480, 1485, 1490, 1495, 1500, 1505, 1510, 1515, 1520, 1525, 1530, 1535, 1540, 1545, 1550, 1555, 1560, 1565, 1570, 1575, 1580, 1585, 1590, 1595, 1600, 1605, 1610, 1615, 1620, 1625, 1630, 1635, 1640, 1645, 1650, 1655, 1660, 1665, 1670, 1675, 1680, 1685, 1690, 1695, 1700, 1705, 1710, 1715, 1720, 1725, 1730, 1735, 1740, 1745, 1750, 1755, 1760, 1765, 1770, 1775, 1780, 1785, 1790, 1795, 1800, 1805, 1810, 1815, 1820, 1825, 1830, 1835, 1840, 1845, 1850, 1855, 1860, 1865, 1870, 1875, 1880, 1885, 1890, 1895, 1900, 1905, 1910, 1915, 1920, 1925, 1930, 1935, 1940, 1945, 1950, 1955, 1960, 1965, 1970, 1975, 1980, 1985, 1990, 1995



Sleep time: 16, Active time: 24 => Group1.activeTimes = 0, 24, 40, 64, 80, 104, 120, 144, 160, 184, 200, 224, 240, 264, 280, 304, 320, 344, 360, 384, 400, 424, 440, 464, 480, 504, 520, 544, 560, 584, 600, 624, 640, 664, 680, 704, 720, 744, 760, 784, 800, 824, 840, 864, 880, 904, 920, 944, 960, 984, 1000, 1024, 1040, 1064, 1080, 1104, 1120, 1144, 1160, 1184, 1200, 1224, 1240, 1264, 1280, 1304, 1320, 1344, 1360, 1384, 1400, 1424, 1440, 1464, 1480, 1504, 1520, 1544, 1560, 1584, 1600, 1624, 1640, 1664, 1680, 1704, 1720, 1744, 1760, 1784, 1800, 1824, 1840, 1864, 1880, 1904, 1920, 1944, 1960, 1984



Sleep time: 10, Active time: 30 => Group1.activeTimes = 0, 30, 40, 70, 80, 110, 120, 150, 160, 190, 200, 230, 240, 270, 280, 310, 320, 350, 360, 390, 400, 430, 440, 470, 480, 510, 520, 550, 560, 590, 600, 630, 640, 670, 680, 710, 720, 750, 760, 790, 800, 830, 840, 870, 880, 910, 920, 950, 960, 990, 1000, 1030, 1040, 1070, 1080, 1110, 1120, 1150, 1160, 1190, 1200, 1230, 1240, 1270, 1280, 1310, 1320, 1350, 1360, 1390, 1400, 1430, 1440, 1470, 1480, 1510, 1520, 1550, 1560, 1590, 1600, 1630, 1640, 1670, 1680, 1710, 1720, 1750, 1760, 1790, 1800, 1830, 1840, 1870, 1880, 1910, 1920, 1950, 1960, 1990



Sleep time: 90, Active time: 10 => Group1.activeTimes = 0, 10, 100, 110, 200, 210, 300, 310, 400, 410, 500, 510, 600, 610, 700, 710, 800, 810, 900, 910, 1000, 1010, 1100, 1110, 1200, 1210, 1300, 1310, 1400, 1410, 1500, 1510, 1600, 1610, 1700, 1710, 1800, 1810, 1900, 1910



Sleep time: 10, Active time: 90 => Group1.activeTimes = 0, 90, 100, 190, 200, 290, 300, 390, 400, 490, 500, 590, 600, 690, 700, 790, 800, 890, 900, 990, 1000, 1090, 1100, 1190, 1200, 1290, 1300, 1390, 1400, 1490, 1500, 1590, 1600, 1690, 1700, 1790, 1800, 1890, 1900, 1990



Sleep time: 1000, Active time: 200 => Group1.activeTimes = 0, 200, 1200, 1400



Sleep time: 300, Active time: 100 => Group1.activeTimes = 0, 100, 400, 500, 800, 900, 1200, 1300, 1600, 1700



Sleep time: 500, Active time: 200 => Group1.activeTimes = 0, 200, 700, 900, 1400, 1600



Sleep time: 100, Active time: 50 => Group1.activeTimes = 0, 50, 150, 200, 300, 350, 450, 500, 600, 650, 750, 800, 900, 950, 1050, 1100, 1200, 1250, 1350, 1400, 1500, 1550, 1650, 1700, 1800, 1850



Sleep time: 500, Active time: 500 => Group1.activeTimes = 0, 500, 1000, 1500



Sleep time: 160, Active time: 240 => Group1.activeTimes = 0, 240, 400, 640, 800, 1040, 1200, 1440, 1600, 1840



Sleep time: 100, Active time: 300 => Group1.activeTimes = 0, 300, 400, 700, 800, 1100, 1200, 1500, 1600, 1900

